a: 12.3085%
b: 1.84806%
c: 4.87191%
d: 2.18381%
e: 9.4441%
f: 1.36994%
g: 2.32242%
h: 0.717879%
i: 12.4853%
j: 0.0053128%
k: 0.0291662%
l: 3.97257%
m: 3.25349%
n: 6.26014%
o: 8.83219%
p: 2.61603%
q: 0.123568%
r: 8.24789%
s: 6.16957%
t: 7.51277%
u: 2.05649%
v: 1.86924%
w: 0.0115291%
x: 0.0172395%
y: 0.0146373%
z: 1.45621%
